599 740
516 297
822 608
219 608
659 635
427 60
333 21
164 828
121 255
394 647
719 611
823 719
468 792
62 902
566 24
958 501
440 237
586 878
60 215
135 613
101 682
948 72
945 696
358 445
503 308
10 96
615 261
866 443
228 455
765 252
151 585
131 542
342 144
298 198
483 150
254 215
212 487
473 501
673 778
538 37
828 774
691 573
340 869
616 527
56 87
396 88
593 496
955 378
892 842
286 203
931 841
345 496
21 501
933 1000
689 486
168 107
70 783
377 442
544 24
419 275
816 408
481 334
448 810
411 920
469 368
510 804
481 370
225 755
979 249
83 802
130 152
469 211
703 110
614 290
610 480
345 537
742 242
425 982
268 458
786 441
795 984
28 119
1 207
107 72
287 343
898 882
664 120
532 695
468 28
96 371
130 549
107 324
571 5
608 732
189 405
939 598
741 343
621 228
903 998
149 865
418 322
896 893
318 317
400 46
953 738
495 423
171 481
926 899
910 698
873 625
650 404
661 163
436 736
189 16
939 999
111 718
804 685
796 89
251 993
644 813
306 251
535 401
394 631
841 637
983 311
914 605
744 424
12 334
282 399
174 807
276 934
107 804
903 340
512 93
818 114
497 477
894 444
386 798
904 672
410 218
