559 190
736 914
300 627
308 958
939 128
860 846
751 617
170 441
886 916
448 408
292 188
884 94
702 933
729 404
768 51
687 703
180 801
447 713
770 589
762 889
94 769
903 98
56 923
23 826
29 90
986 687
586 367
286 491
462 604
389 528
575 411
540 733
364 376
355 570
937 410
949 729
542 526
735 368
981 270
782 428
502 228
141 39
870 949
979 560
343 28
643 695
784 430
494 237
167 550
185 204
82 714
500 267
386 491
822 932
72 379
97 992
474 566
750 796
533 369
338 695
35 254
886 75
936 20
92 443
853 618
646 775
653 133
998 17
971 686
944 564
512 710
928 523
810 642
532 188
475 618
118 852
972 728
170 837
316 84
531 692
867 702
50 260
689 561
257 464
694 931
618 125
145 203
402 928
442 34
710 853
653 759
132 988
595 957
981 876
683 537
933 990
484 262
878 802
743 6
600 292
746 566
206 781
557 537
604 103
365 461
188 382
115 95
243 624
260 173
695 654
237 366
525 820
820 657
695 520
733 145
595 409
147 968
860 298
158 627
843 403
188 192
347 195
752 768
639 279
721 807
110 876
222 319
609 865
899 384
768 687
930 859
172 806
547 967
902 576
496 498
41 981
583 738
223 422
723 47
730 740
37 946
677 469
743 76
973 423
162 306
592 207
31 802
429 841
682 284
858 674
436 573
19 472
126 732
569 843
690 642
752 728
25 412
597 823
854 896
523 805
