787 458
662 682
937 146
505 975
410 706
961 318
625 548
901 953
358 60
501 819
980 473
988 14
248 73
123 275
748 177
347 702
692 528
507 632
883 350
529 525
399 132
189 631
354 698
407 874
111 279
340 929
14 17
536 842
495 604
270 449
117 780
35 412
212 686
891 235
612 370
313 646
932 94
742 114
576 296
970 72
606 2
766 942
551 680
200 75
35 853
869 904
160 748
99 692
645 821
613 54
265 561
930 822
445 947
801 683
446 803
246 444
416 835
209 905
691 76
585 465
961 621
90 347
112 544
564 384
641 966
605 449
498 840
890 142
361 964
712 556
991 955
821 522
460 798
922 741
979 104
411 401
497 818
132 700
882 479
838 584
770 652
754 902
171 533
157 97
90 926
545 576
830 116
403 143
296 428
828 981
751 649
550 769
591 400
570 954
725 900
631 624
598 280
464 345
20 843
181 433
915 354
699 177
137 605
406 866
135 65
900 2
949 369
27 577
200 512
942 838
347 656
333 533
598 37
854 144
725 545
156 900
877 749
50 110
802 735
869 899
180 589
395 309
763 145
825 616
744 616
355 240
873 907
254 239
413 316
195 502
52 112
638 404
82 370
218 347
138 363
912 673
827 132
31 235
853 945
306 20
88 733
387 665
147 118
745 496
663 486
289 84
256 425
683 305
858 538
517 930
773 361
798 16
496 162
685 789
142 176
485 525
809 154
507 591
966 256
499 194
973 624
854 301
511 951
792 543
770 149
397 526
379 736
70 890
688 694
785 579
120 412
45 251
655 390
255 746
53 138
515 537
394 238
803 478
447 290
335 488
939 289
759 455
341 483
39 898
885 435
411 122
535 384
432 654
768 378
265 857
936 662
983 638
84 199
217 143
94 20
58 842
315 30
379 68
736 856
625 676
