579 702
746 610
563 978
358 600
49 468
563 260
113 194
589 729
428 770
932 649
6 318
337 725
212 398
739 167
812 444
741 681
502 341
333 509
245 328
261 984
11 90
52 635
286 104
779 452
655 599
536 711
422 385
640 656
456 491
868 13
868 18
933 708
484 229
923 621
765 269
132 155
640 377
732 91
937 583
939 761
452 79
543 488
750 494
65 904
719 282
297 961
197 406
844 889
356 613
638 333
5 999
192 887
654 347
755 923
52 934
785 116
142 958
478 480
926 244
262 551
854 183
94 665
309 267
382 445
710 422
153 820
509 659
318 425
769 260
845 205
121 176
924 569
425 943
290 224
303 317
309 363
171 975
444 366
182 455
252 925
87 863
379 224
110 320
743 392
182 779
511 601
291 152
329 659
706 822
92 86
357 21
881 132
966 152
649 237
328 131
481 929
668 340
406 639
508 96
450 397
100 853
445 990
951 247
44 507
55 382
558 236
455 647
846 138
934 363
444 585
556 994
222 287
823 345
951 31
729 745
661 404
689 340
645 885
599 951
582 230
634 982
251 626
261 231
68 874
921 699
8 668
502 685
704 371
847 969
731 278
507 401
880 975
764 12
825 961
79 813
503 85
317 223
376 924
610 416
259 869
664 974
45 599
228 173
474 769
274 136
404 720
428 687
848 956
84 935
971 330
522 915
442 355
848 130
530 792
141 92
333 979
450 348
523 675
101 868
131 53
830 176
872 930
134 610
99 552
600 430
533 80
940 226
357 90
799 10
264 36
132 298
458 581
97 991
818 632
621 856
14 817
805 92
778 266
746 809
373 237
